# Object Export From Tinkercad Server 2015

mtllib obj.mtl

o obj_0
v 24.329 		90.797 		-1
v 0 		94 		-1
v 0 		100 		-1
v 47 		81.406 		-1
v 25.882 		96.593 		-1
v 66.468 		66.468 		-1
v 50 		86.603 		-1
v 81.406 		47 		-1
v 70.711 		70.711 		-1
v 90.797 		24.329 		-1
v 86.603 		50 		-1
v 94 		0 		-1
v 96.593 		25.882 		-1
v 100 		0 		-1
v -100 		0 		-1
v -90.797 		24.329 		-1
v -94 		0 		-1
v -96.593 		25.882 		-1
v -47 		-81.406 		0
v -47 		-81.406 		-1
v -81.406 		47 		-1
v -66.468 		-66.468 		-1
v -66.468 		-66.468 		0
v -50 		-86.603 		-1
v -86.603 		50 		-1
v -50 		-86.603 		0
v -66.468 		66.468 		-1
v -70.711 		70.711 		-1
v -47 		81.406 		-1
v -81.406 		-47 		0
v -81.406 		-47 		-1
v -50 		86.603 		-1
v -24.329 		90.797 		-1
v -70.711 		-70.711 		-1
v -70.711 		-70.711 		0
v -25.882 		96.593 		-1
v 90.797 		-24.329 		-1
v -90.797 		-24.329 		0
v -90.797 		-24.329 		-1
v 96.593 		-25.882 		-1
v 81.406 		-47 		-1
v -86.603 		-50 		-1
v -86.603 		-50 		0
v -94 		0 		0
v -100 		0 		0
v -70.711 		70.711 		0
v 86.603 		-50 		-1
v 66.468 		-66.468 		-1
v 70.711 		-70.711 		-1
v 47 		-81.406 		-1
v 50 		-86.603 		-1
v 24.329 		-90.797 		-1
v -96.593 		-25.882 		0
v 25.882 		-96.593 		-1
v 0 		-100 		-1
v 0 		-94 		-1
v 24.329 		90.797 		0
v 0 		94 		0
v -24.329 		-90.797 		-1
v -25.882 		-96.593 		-1
v 0 		100 		0
v 47 		81.406 		0
v 25.882 		96.593 		0
v -96.593 		-25.882 		-1
v 66.468 		66.468 		0
v 50 		86.603 		0
v 81.406 		47 		0
v 70.711 		70.711 		0
v 86.603 		50 		0
v 90.797 		24.329 		0
v 86.603 		-50 		0
v 66.468 		-66.468 		0
v 47 		-81.406 		0
v 70.711 		-70.711 		0
v 94 		0 		0
v 96.593 		25.882 		0
v 100 		0 		0
v 24.329 		-90.797 		0
v 50 		-86.603 		0
v -90.797 		24.329 		0
v 0 		-94 		0
v -81.406 		47 		0
v 0 		-100 		0
v 25.882 		-96.593 		0
v -96.593 		25.882 		0
v -24.329 		-90.797 		0
v -66.468 		66.468 		0
v -86.603 		50 		0
v -25.882 		-96.593 		0
v -47 		81.406 		0
v -24.329 		90.797 		0
v -50 		86.603 		0
v -25.882 		96.593 		0
v 90.797 		-24.329 		0
v 96.593 		-25.882 		0
v 81.406 		-47 		0
# 96 vertices

g group_0_16089887

usemtl color_16089887
s 0

f 3 	5 	2
f 1 	2 	5
f 5 	7 	1
f 4 	1 	7
f 7 	9 	4
f 6 	4 	9
f 8 	6 	9
f 9 	11 	8
f 10 	8 	11
f 11 	13 	10
f 12 	10 	13
f 12 	13 	14
f 15 	18 	17
f 18 	25 	16
f 16 	17 	18
f 19 	20 	22
f 19 	22 	23
f 25 	28 	21
f 21 	16 	25
f 26 	24 	60
f 32 	29 	28
f 27 	28 	29
f 27 	21 	28
f 30 	23 	22
f 30 	22 	31
f 33 	29 	32
f 3 	2 	36
f 2 	33 	36
f 32 	36 	33
f 34 	24 	35
f 26 	35 	24
f 14 	40 	12
f 38 	30 	31
f 38 	31 	39
f 40 	47 	37
f 37 	12 	40
f 35 	43 	34
f 42 	34 	43
f 44 	38 	39
f 44 	39 	17
f 23 	35 	19
f 47 	49 	41
f 41 	37 	47
f 26 	19 	35
f 30 	35 	23
f 51 	50 	49
f 48 	49 	50
f 48 	41 	49
f 43 	35 	30
f 38 	43 	30
f 54 	52 	51
f 51 	52 	50
f 53 	43 	38
f 53 	38 	44
f 53 	44 	45
f 55 	56 	54
f 54 	56 	52
f 57 	58 	2
f 57 	2 	1
f 59 	56 	60
f 55 	60 	56
f 60 	24 	59
f 24 	34 	20
f 20 	59 	24
f 62 	57 	1
f 62 	1 	4
f 31 	22 	34
f 22 	20 	34
f 39 	31 	42
f 34 	42 	31
f 5 	3 	61
f 5 	61 	63
f 15 	17 	64
f 17 	39 	64
f 42 	64 	39
f 65 	62 	4
f 65 	4 	6
f 57 	63 	58
f 61 	58 	63
f 62 	66 	57
f 7 	5 	63
f 7 	63 	66
f 63 	57 	66
f 65 	68 	62
f 65 	6 	8
f 65 	8 	67
f 66 	62 	68
f 67 	68 	65
f 69 	68 	67
f 76 	69 	70
f 67 	70 	69
f 9 	7 	66
f 9 	66 	68
f 71 	47 	40
f 67 	8 	10
f 67 	10 	70
f 11 	69 	76
f 72 	48 	50
f 72 	50 	73
f 68 	69 	11
f 68 	11 	9
f 51 	49 	74
f 70 	10 	12
f 70 	12 	75
f 74 	49 	47
f 14 	13 	76
f 14 	76 	77
f 73 	50 	52
f 73 	52 	78
f 76 	13 	11
f 54 	51 	79
f 80 	44 	17
f 80 	17 	16
f 74 	79 	51
f 78 	52 	56
f 78 	56 	81
f 82 	80 	16
f 82 	16 	21
f 83 	55 	54
f 83 	54 	84
f 79 	84 	54
f 18 	15 	45
f 18 	45 	85
f 56 	59 	86
f 56 	86 	81
f 87 	82 	21
f 87 	21 	27
f 55 	83 	60
f 86 	59 	20
f 86 	20 	19
f 25 	88 	46
f 60 	89 	26
f 85 	88 	18
f 25 	18 	88
f 83 	89 	60
f 90 	87 	27
f 90 	27 	29
f 76 	70 	75
f 76 	75 	77
f 32 	28 	46
f 80 	85 	44
f 28 	25 	46
f 45 	44 	85
f 82 	88 	80
f 91 	90 	29
f 91 	29 	33
f 85 	80 	88
f 87 	46 	82
f 88 	82 	46
f 90 	46 	87
f 32 	46 	92
f 92 	46 	90
f 91 	92 	90
f 58 	91 	33
f 58 	33 	2
f 3 	36 	93
f 3 	93 	61
f 92 	91 	93
f 91 	58 	93
f 61 	93 	58
f 92 	93 	32
f 36 	32 	93
f 95 	77 	75
f 95 	75 	94
f 12 	37 	94
f 12 	94 	75
f 96 	71 	94
f 95 	94 	71
f 14 	77 	95
f 72 	74 	96
f 71 	96 	74
f 94 	37 	41
f 94 	41 	96
f 40 	95 	71
f 73 	74 	72
f 95 	40 	14
f 79 	74 	73
f 78 	79 	73
f 96 	41 	48
f 96 	48 	72
f 45 	15 	64
f 45 	64 	53
f 84 	79 	78
f 84 	78 	81
f 84 	81 	83
f 47 	71 	74
f 86 	89 	81
f 83 	81 	89
f 19 	26 	86
f 89 	86 	26
f 43 	53 	42
f 64 	42 	53
# 192 faces

 #end of obj_0

